64369	q
64375	w
64357	e
64370	r
64372	t
64377	y
64373	u
64361	i
64367	o
64368	p
61531	[
61533	]
64353	a
64371	s
64356	d
64358	f
64359	g
64360	h
64362	j
64363	k
64364	l
61499	;
61479	'
61532	\
64378	z
64376	x
64355	c
64374	v
64354	b
64366	n
64365	m
61484	,
61486	.
61487	/
64000	0
64000	0
64000	0
64000	0
64000	0
64000	0
64000	0
64000	0
64000	0
64000	0
64000	0
64000	0
64000	0
64000	0
64000	0
64000	0
64000	0
64000	0
64000	0
64000	0
64000	0
64000	0
64000	0
64000	0
64000	0
64000	0
64000	0
64000	0
64000	0
64000	0
64000	0
64000	0
64000	0
64000	0
64000	0
64000	0
64000	0
64000	0
64000	0
64000	0
64000	0
64000	0
64000	0
64000	0
64000	0
64000	0
64000	0
64000	0
64000	0
64000	0
64000	0
64000	0

